0020
0000
00000000100000002000000030000000400000005000000060000000700000008000000090000000a0000000b0000000c0000000d0000000e0000000300000001
000000001000000020000000200000002000000020000000200000002000000020000000200000002000000020000000200000002000000020000000200000002
000000001000000020000000200000002000000020000000200000002000000020000000200000002000000020000000200000002000000020000000200000003
10000000100000002000000030000000400000006000000060000000300000008000000090000000a0000000b0000000c0000000d0000000e000000030000000f
0020
0000
000000001000000020000000200000002000000020000000200000002000000020000000200000002000000020000000200000002000000020000000200000032
10000000100000002000000030000000400000006000000060000000300000008000000090000000a0000000b0000000c0000000d0000000e0000001f0000002e
